1.498490930958946592e+02 9.045287229629579429e+01
1.484527207123159087e+02 1.058129685156621633e+02
1.477545345205265335e+02 1.218712509268179360e+02
1.358853692601070406e+02 1.190785061596604066e+02
1.610200721645247484e+02 1.211730647350285608e+02
1.309980659175813855e+02 9.254743087166392002e+01
1.770783545756804926e+02 9.603836183061082465e+01
1.170343420817937670e+02 8.067826561124445561e+01
1.268089487668451056e+02 7.718733465229755097e+01
1.386781140272645700e+02 8.137645180303383086e+01
1.659073755070504319e+02 8.067826561124445561e+01
1.784747269592593000e+02 7.788552084408692622e+01
1.875511474525212350e+02 8.137645180303383086e+01
1.275071349586344809e+02 1.337404161872374004e+02
1.400744864108433489e+02 1.337404161872374004e+02
1.561327688219991217e+02 1.358349747626055546e+02
1.742856098085229917e+02 1.372313471461843051e+02
1.351871830683176654e+02 1.435150228722887391e+02
1.463581621369477546e+02 1.484023262148143942e+02
1.582273273973672474e+02 1.470059538312356437e+02
1.114488525474787366e+02 1.002274789813471330e+02
1.212234592325300468e+02 6.811091415903558755e+01
1.393763002190539453e+02 5.065625936430109277e+01
1.666055616988398071e+02 4.367439744640728350e+01
1.868529612607318597e+02 5.205263174787984326e+01
1.973257541375725452e+02 6.811091415903558755e+01
2.022130574800982288e+02 8.975468610450641904e+01
2.050058022472557298e+02 1.120966442417665974e+02
1.987221265211512957e+02 1.379295333379736803e+02
1.875511474525212350e+02 1.581769328998657329e+02
1.666055616988398071e+02 1.686497257767064468e+02
1.477545345205265335e+02 1.721406567356533515e+02
1.302998797257920103e+02 1.630642362423914165e+02
1.191289006571619211e+02 1.456095814476568933e+02
1.114488525474787366e+02 1.295512990365011206e+02
1.100524801638999577e+02 1.120966442417665974e+02
4.791390909464507786e+01 1.888971253385984994e+02
6.117944673864332117e+01 1.595733052834445118e+02
6.536856388937960105e+01 1.288531128447117453e+02
5.489577101253888713e+01 9.883110659776835405e+01
6.885949484832650569e+01 6.741272796724621230e+01
8.631414964306102888e+01 4.297621125461790825e+01
1.065615492049530530e+02 2.412518407630460615e+01
1.302998797257920103e+02 1.016146024051698760e+01
1.596236997809459979e+02 5.972343089780679293e+00
1.854565888771531093e+02 1.085964643230636284e+01
2.112894779733601638e+02 2.552155645988335664e+01
2.301405051516734659e+02 4.716532840535415971e+01
2.413114842203035266e+02 7.299821750156127109e+01
2.434060427956716524e+02 1.016238513649258834e+02
2.461987875628292102e+02 1.267585542693435912e+02
2.496897185217760864e+02 1.484023262148143942e+02
2.573697666314592425e+02 1.714424705438639762e+02
2.706353042754575426e+02 1.965771734482816839e+02
1.833620436545956522e+00 1.085039747255052589e+00
2.971663795634540293e+02 1.783225939044427832e+00
2.957700071798752788e+02 2.957196126823737927e+02
1.833620436545956522e+00 2.957196126823737927e+02
