1.281995637168464270e+02 1.378827276303231315e+02
1.740069535730906125e+02 1.392569493260104423e+02
1.483548152535938982e+02 1.365085059346357923e+02
1.433160023694070162e+02 1.346762103403860351e+02
1.561420715291554018e+02 1.365085059346357923e+02
1.391933372823450554e+02 1.497926489929465959e+02
1.538517020363431982e+02 1.493345750943841779e+02
1.350706721952830662e+02 1.204759194849503103e+02
1.625551061090295946e+02 1.227662889777625423e+02
1.469805935579065590e+02 1.195597716878254460e+02
1.474386674564690054e+02 1.296373974561991531e+02
1.158315684556605163e+02 8.428808149851741405e+01
1.446902240650943554e+02 8.291385980283007484e+01
1.414837067751572590e+02 8.657845099132961764e+01
1.295737854125337662e+02 7.650082522295588205e+01
1.295737854125337662e+02 8.291385980283007484e+01
1.927879834141507729e+02 8.474615539707986045e+01
1.625551061090295946e+02 8.108156420858031765e+01
1.662196972975291089e+02 8.520422929564227843e+01
1.804199881529648053e+02 7.833312081720566766e+01
1.804199881529648053e+02 8.245578590426762844e+01
1.176638640499102735e+02 9.528185506401601401e+01
1.405675589780323662e+02 9.436570726689112121e+01
1.291157115139713198e+02 8.978496828126671403e+01
1.291157115139713198e+02 9.665607675970335322e+01
1.891233922256512017e+02 9.757222455682821760e+01
1.653035495004042161e+02 9.665607675970335322e+01
1.785876925587150765e+02 9.161726387551647122e+01
1.785876925587150765e+02 9.848837235395311041e+01
1.488128891521563162e+02 1.722382700225062706e+02
1.355287460938455126e+02 1.708640483268189314e+02
1.616389583119047018e+02 1.717801961239438242e+02
1.172057901513478271e+02 1.475022795001343923e+02
1.982848701969000729e+02 1.456699839058846351e+02
1.089604599772238771e+02 1.181855499921381067e+02
2.051559786753366836e+02 1.200178455863878924e+02
1.135411989628482843e+02 7.558467742583101767e+01
2.019494613853995872e+02 7.833312081720566766e+01
1.318641549053459698e+02 4.993253910633427495e+01
1.850007271385892693e+02 4.810024351208448934e+01
1.593485888190924982e+02 4.535180012070986777e+01
1.584324410219676054e+02 5.957444844339818246e+00
1.112508294700360807e+02 1.969966180121309662e+01
2.001171657911498016e+02 1.695121840983841821e+01
7.964373046922759158e+01 5.542942588908357493e+01
2.349307820818953871e+02 5.909401707758308930e+01
6.361114401954210962e+01 1.154371066007634568e+02
2.491310729373311403e+02 1.168113282964507960e+02
5.765618333823036323e+01 1.603283486598827778e+02
2.532537380243930727e+02 1.484184272972592851e+02
3.933322739573270610e+01 2.056776646175645169e+02
2.642475115898917011e+02 2.088841819075016133e+02
3.969460179251314003e-01 9.186319601529930878e-01
2.986030539820748118e+02 9.186319601529930878e-01
2.981449800835124506e+02 2.977505182286153627e+02
3.969460179251314003e-01 2.982085921271777806e+02
