3.015994562426763537e+02 1.898998525403867461e+02
3.003355167011177400e+02 2.139147038300000645e+02
3.041273353257935810e+02 2.366656155780548261e+02
2.851682422024146035e+02 2.366656155780548261e+02
3.243503679907310584e+02 2.290819783287032578e+02
2.687370281621529102e+02 1.974834897897383144e+02
3.433094611141099790e+02 1.898998525403867461e+02
2.459861164140981487e+02 1.924277316235039734e+02
2.763206654115044785e+02 1.759965175832422233e+02
3.230864284491725016e+02 1.709407594170078255e+02
3.610046146959303428e+02 1.696768198754492118e+02
2.826403631192974331e+02 2.644722854923439286e+02
2.990715771595591832e+02 2.594165273261095308e+02
3.091830934920279219e+02 2.594165273261095308e+02
3.167667307413794902e+02 2.594165273261095308e+02
3.483652192803444336e+02 2.530968296183165762e+02
2.990715771595591832e+02 2.771116809079298946e+02
3.104470330335865356e+02 2.758477413663712809e+02
3.230864284491725016e+02 2.707919832001368832e+02
2.396664187063051941e+02 2.227622806209102464e+02
2.396664187063051941e+02 1.722046989585664392e+02
2.560976327465669442e+02 1.443980290442773367e+02
2.801124840361802626e+02 1.292307545455742002e+02
3.066552144089107514e+02 1.229110568377811887e+02
3.395176424894341949e+02 1.216471172962225751e+02
3.673243124037233542e+02 1.406062104196015525e+02
3.812276473608678202e+02 1.633571221676562573e+02
3.900752241517780590e+02 1.949556107066211439e+02
3.951309823180123999e+02 2.252901597040274737e+02
3.888112846102193885e+02 2.682641041170197127e+02
3.673243124037233542e+02 2.973347135728673720e+02
3.306700656985240698e+02 3.125019880715705085e+02
3.003355167011177400e+02 3.087101694468947244e+02
2.763206654115044785e+02 2.948068344897502016e+02
2.586255118296841147e+02 2.771116809079298946e+02
2.485139954972153760e+02 2.606804668676681445e+02
2.447221768725395918e+02 2.429853132858477807e+02
1.865809579608442164e+02 3.251413834871565314e+02
2.143876278751333189e+02 2.821674390741642355e+02
2.257630837491606712e+02 2.493050109936407921e+02
2.282909628322778417e+02 1.772604571248008369e+02
2.219712651244848871e+02 1.393422708780429389e+02
2.346106605400707963e+02 1.077437823390780522e+02
2.624173304543598988e+02 8.120105196634756339e+01
2.902240003686490013e+02 6.603377746764437006e+01
3.192946098244967175e+02 6.476983792608581325e+01
3.546849169881373314e+02 6.982559609232015418e+01
3.824915869024264907e+02 8.878468921569913164e+01
4.039785591089225250e+02 1.140634800468710068e+02
4.204097731491843319e+02 1.456619685858358935e+02
4.279934103985359002e+02 1.835801548325937915e+02
4.242015917738601161e+02 2.252901597040274737e+02
4.330491685647702411e+02 2.632083459507853149e+02
4.595918989375007300e+02 2.960707740313088152e+02
2.045784893289294359e+00 2.836800389714653647e+00
6.365434347557040837e+02 2.836800389714653647e+00
6.365434347557040837e+02 4.768141284741880099e+02
2.045784893289294359e+00 4.780780680157465667e+02
