2.924372294372295187e+02 3.087072510822511049e+02
2.924372294372295187e+02 3.651466450216450426e+02
2.924372294372295187e+02 4.397272727272727479e+02
2.420449134199134846e+02 4.397272727272727479e+02
3.428295454545455527e+02 4.457743506493506516e+02
1.997153679653679887e+02 3.228170995670996035e+02
4.012846320346321249e+02 3.288641774891774503e+02
1.291661255411255524e+02 3.167700216450216431e+02
2.440606060606061760e+02 2.925817099567099149e+02
3.428295454545455527e+02 2.945974025974026063e+02
4.516769480519481590e+02 3.147543290043289517e+02
2.077781385281386406e+02 5.425275974025973937e+02
2.622018398268399437e+02 5.284177489177488951e+02
2.924372294372295187e+02 5.425275974025973937e+02
3.166255411255412469e+02 5.304334415584415865e+02
3.831433982683983572e+02 5.405119047619048160e+02
2.480919913419914451e+02 5.485746753246753542e+02
2.863901515151515582e+02 5.647002164502164305e+02
3.267040043290043627e+02 5.606688311688311614e+02
1.211033549783550143e+02 2.280795454545454959e+02
1.452916666666666856e+02 1.555146103896104250e+02
1.976996753246754110e+02 1.131850649350649292e+02
2.742959956709957510e+02 9.705952380952385283e+01
3.529080086580087823e+02 9.705952380952385283e+01
4.254729437229438531e+02 1.212478354978354673e+02
4.698181818181819267e+02 1.837343073593073086e+02
4.859437229437231167e+02 2.462207792207792636e+02
5.000535714285716153e+02 3.328955627705627194e+02
4.919908008658009635e+02 4.336801948051947875e+02
4.899751082251083858e+02 5.304334415584415865e+02
4.395827922077923517e+02 6.070297619047619264e+02
3.791120129870130881e+02 6.594377705627705382e+02
3.005000000000000568e+02 6.876574675324675354e+02
2.138252164502164874e+02 6.675005411255410763e+02
1.634329004329004533e+02 6.150925324675324646e+02
1.130405844155844761e+02 5.264020562770563174e+02
1.090091991341991502e+02 4.377115800865801134e+02
9.086796536796538248e+01 3.550681818181818130e+02
1.090091991341991502e+02 2.925817099567099149e+02
7.071103896103898023e+01 3.208014069264069121e+02
8.280519480519484432e+01 4.679469696969696884e+02
5.343203463203465162e+02 3.449897186147186403e+02
5.121477272727274794e+02 4.820568181818181870e+02
7.474242424242424931e+01 2.663777056277056090e+02
6.466396103896107661e+01 1.958284632034632295e+02
6.667965367965371115e+01 1.152007575757576205e+02
1.049778138528138811e+02 6.883982683982685558e+01
1.432759740259740511e+02 4.263582251082254970e+01
2.037467532467532578e+02 1.240043290043286106e+01
2.622018398268399437e+02 6.353354978355014282e+00
3.267040043290043627e+02 1.038474025974028336e+01
3.952375541125541645e+02 2.247889610389609061e+01
4.476455627705628899e+02 7.891829004329008512e+01
5.081163419913421535e+02 1.212478354978354673e+02
5.343203463203465162e+02 1.817186147186147309e+02
2.177489177489178473e+00 2.321969696969631514e+00
5.988225108225110489e+02 4.337662337662322898e+00
5.988225108225110489e+02 7.400654761904761472e+02
2.177489177489178473e+00 7.400654761904761472e+02
