4.917991856573090672e+02 3.309311264487987501e+02
5.008605177325116529e+02 3.943604509752166791e+02
5.062973169776331588e+02 4.650388411617965971e+02
4.319943939609722747e+02 4.559775090865940115e+02
5.461671781085244675e+02 4.432916441813104598e+02
3.685650694345542888e+02 3.526783234292848874e+02
5.624775758438889852e+02 3.399924585240013357e+02
3.033234784930958767e+02 3.182452615435151984e+02
3.631282701894327829e+02 2.983103309780696009e+02
4.301821275459317349e+02 3.001225973931100270e+02
5.262322475430787563e+02 2.928735317329479813e+02
5.860370392394156625e+02 2.819999332427049694e+02
6.295314332003879372e+02 3.019348638081505669e+02
4.029981313203240916e+02 5.465908298386195838e+02
4.537415909414582984e+02 5.157823007829308608e+02
5.044850505625926189e+02 5.103455015378093549e+02
5.407303788634028479e+02 5.230313664430930203e+02
5.896615720694967422e+02 5.610889611589436754e+02
4.591783901865799180e+02 5.465908298386195838e+02
4.990482513174711130e+02 5.411540305934980779e+02
5.443549116934839276e+02 5.447785634235790440e+02
2.435186867967590274e+02 2.294442072065301090e+02
2.489554860418805902e+02 1.243327551341805020e+02
3.522546716991897711e+02 9.171195966345123907e+01
4.682397222617823900e+02 1.279572879642614680e+02
5.787879735792536167e+02 9.352422607849177894e+01
6.349682324455094431e+02 1.913866124906793402e+02
6.458418309357525686e+02 3.327433928638392899e+02
6.458418309357525686e+02 4.505407098414725056e+02
6.277191667853473973e+02 5.610889611589436754e+02
5.860370392394156625e+02 6.426409498357667189e+02
5.081095833926736987e+02 7.096948071922656709e+02
3.939367992451215059e+02 6.806985445516174877e+02
2.852008143426908191e+02 6.299550849304830535e+02
2.108978913260298782e+02 5.230313664430930203e+02
2.072733584959488553e+02 4.124831151256217368e+02
2.090856249109893383e+02 3.037471302231911068e+02
1.710280301951386264e+02 3.816745860699330706e+02
1.293459026492068347e+02 3.236820607886367043e+02
9.310057434839660573e+01 2.475668713569352803e+02
9.672510717847762862e+01 1.497044849447476054e+02
1.402195011394499033e+02 7.358929551304618144e+01
2.127101577410703612e+02 6.535438156547229482e+00
2.978866792479743708e+02 2.910905326466263432e+00
3.685650694345542888e+02 2.910905326466263432e+00
4.174962626406481832e+02 4.723171741506689614e+00
4.700519886768229298e+02 6.535438156547229482e+00
5.280445139581192961e+02 2.910905326466263432e+00
5.896615720694967422e+02 4.723171741506689614e+00
6.313436996154284770e+02 4.096850004231691855e+01
6.657767615011981661e+02 8.083836117320822723e+01
6.820871592365627976e+02 1.352063536244235138e+02
6.820871592365627976e+02 1.931988789057198801e+02
6.657767615011981661e+02 2.511914041870162464e+02
4.299520011411573250e+00 4.723171741506689614e+00
7.727004799885883131e+02 4.723171741506689614e+00
7.727004799885883131e+02 7.694995988886024634e+02
7.924052841492596144e+00 7.731241317186835431e+02
