3.356795614069873182e+02 2.226891184518381124e+02
3.356795614069873182e+02 2.506067930364437188e+02
3.394865170321608048e+02 2.772554824126581821e+02
3.141068128643374848e+02 2.734485267874846954e+02
3.610592655748106381e+02 2.772554824126581821e+02
2.912650791132965651e+02 2.252270888686203989e+02
3.851699845342427579e+02 2.252270888686203989e+02
2.595404489035174720e+02 2.074612959511441090e+02
3.115688424475551983e+02 2.061923107427529658e+02
3.648662211999841247e+02 2.036543403259706224e+02
4.181635999524130511e+02 2.099992663679264524e+02
2.938030495300788516e+02 3.102490978308284184e+02
3.280656501566403449e+02 3.102490978308284184e+02
3.382175318237696047e+02 3.153250386643931051e+02
3.496383986992901782e+02 3.115180830392196185e+02
3.877079549510251582e+02 3.127870682476107618e+02
3.242586945314668583e+02 3.343598167902605383e+02
3.394865170321608048e+02 3.368977872070429385e+02
3.547143395328548650e+02 3.343598167902605383e+02
2.379677003608676102e+02 2.328410001189674290e+02
2.430436411944322970e+02 1.896955030336678192e+02
2.519265376531704703e+02 1.465500059483682094e+02
2.798442122377761052e+02 1.186323313637626029e+02
3.141068128643374848e+02 1.059424792798509429e+02
3.585212951580283516e+02 1.059424792798509429e+02
3.915149105761986448e+02 1.199013165721537462e+02
4.130876591188483644e+02 1.414740651148035795e+02
4.308534520363247111e+02 1.808126065749296458e+02
4.422743189118451710e+02 2.176131776182734257e+02
4.384673632866716844e+02 2.569517190783995488e+02
4.321224372447159112e+02 3.089801126224372751e+02
4.118186739104572780e+02 3.470496688741721982e+02
3.864389697426339580e+02 3.724293730419955182e+02
3.509073839076813783e+02 3.927331363762541514e+02
3.039549311972082251e+02 3.851192251259071782e+02
2.671543601538644452e+02 3.559325653329103716e+02
2.430436411944322970e+02 3.026351865804814452e+02
2.113190109846531470e+02 2.379169409525320589e+02
2.113190109846531470e+02 1.808126065749296458e+02
2.227398778601736637e+02 1.287842130308919195e+02
2.430436411944322970e+02 9.705958282111282642e+01
2.646163897370820450e+02 7.548683427846299310e+01
2.963410199468612518e+02 5.772104136098670324e+01
3.229897093230756582e+02 5.645205615259555998e+01
3.534453543244636649e+02 5.772104136098670324e+01
3.813630289090692713e+02 6.533495261133367649e+01
4.080117182852837914e+02 8.183176032041882308e+01
4.207015703691953377e+02 1.008665384462863130e+02
4.333914224531069976e+02 1.199013165721537462e+02
4.384673632866716844e+02 1.325911686560654061e+02
4.435433041202363711e+02 1.414740651148035795e+02
4.486192449538010578e+02 1.541639171987151826e+02
4.536951857873656309e+02 1.693917396994091860e+02
4.625780822461038042e+02 1.985783994924059925e+02
6.674663917198131458e-01 1.885692191775433457e+00
6.376980410040845300e+02 1.885692191775433457e+00
6.376980410040845300e+02 4.764861601300709708e+02
3.205436808502156509e+00 4.764861601300709708e+02
