4.483047916963367925e+02 4.161076479557027596e+02
4.410557260361747467e+02 4.741001732369991259e+02
4.319943939609721610e+02 5.320926985182954922e+02
3.794386679247974143e+02 5.157823007829308608e+02
4.646151894317014239e+02 5.194068336130119405e+02
3.413810732089466455e+02 3.907359181451356562e+02
5.334813132032408021e+02 4.052340494654596910e+02
2.870130807577313590e+02 3.363679256939202560e+02
3.377565403788655658e+02 3.273065936187177840e+02
3.703773358495948287e+02 3.436169913540823018e+02
5.117341162227546647e+02 3.599273890894469332e+02
5.661021086739700650e+02 3.436169913540823018e+02
5.987229041446992142e+02 3.635519219195279561e+02
3.323197411337440599e+02 5.828361581394298128e+02
3.812509343398378405e+02 5.665257604040652950e+02
4.211207954707291492e+02 5.792116253093488467e+02
4.501170581113773324e+02 5.810238917243893866e+02
4.791133207520255155e+02 6.100201543650374560e+02
3.776264015097568745e+02 5.991465558747944442e+02
4.211207954707291492e+02 5.991465558747944442e+02
4.519293245264178722e+02 6.063956215349564900e+02
2.290205554764349927e+02 2.838121996577455093e+02
2.761394822674882334e+02 1.968234117358009598e+02
3.576914709443112770e+02 2.040724773959630056e+02
4.247453283008101153e+02 2.348810064516516150e+02
5.570407765987674793e+02 1.950111453207604200e+02
6.331559660304689032e+02 2.693140683374214177e+02
6.240946339552664313e+02 3.744255204097710248e+02
6.059719698048612599e+02 4.650388411617965971e+02
5.860370392394156625e+02 5.447785634235790440e+02
5.516039773536459734e+02 6.190814864402400417e+02
4.537415909414582984e+02 7.078825407772251310e+02
3.286952083036630938e+02 6.951966758719415793e+02
2.471432196268400503e+02 6.136446871951185358e+02
2.072733584959488553e+02 5.139700343678903209e+02
2.036488256658677756e+02 4.414793777662699199e+02
2.235837562313133731e+02 3.508660570142443476e+02
1.963997600057057298e+02 3.508660570142443476e+02
1.800893622703410983e+02 2.856244660727859355e+02
1.782770958553006722e+02 2.203828751313275234e+02
1.764648294402601323e+02 1.478922185297071792e+02
2.054610920809083154e+02 6.996476268296510170e+01
2.906376135878123250e+02 1.922130306183078119e+01
3.613160037743922430e+02 2.910905326466263432e+00
4.066226641504050576e+02 4.723171741506689614e+00
4.519293245264178722e+02 6.535438156547229482e+00
4.917991856573090672e+02 6.535438156547229482e+00
5.371058460333218818e+02 4.723171741506689614e+00
5.896615720694966285e+02 1.740903664679035501e+01
6.367804988605499830e+02 4.459303287239799829e+01
6.567154294259956941e+02 7.540156192808672131e+01
6.712135607463197857e+02 1.297695543793020079e+02
6.784626264064817178e+02 1.877620796605983742e+02
6.621522286711170864e+02 2.819999332427049694e+02
6.749871813305503565e-01 1.098638911425723563e+00
7.763250128186692791e+02 4.723171741506689614e+00
7.727004799885884267e+02 7.731241317186835431e+02
6.111786426452056276e+00 7.731241317186835431e+02
