1.491509069041053408e+02 1.044165961320834128e+02
1.491509069041053408e+02 1.274567404611329664e+02
1.505472792876840913e+02 1.525914433655507025e+02
1.316962521093708460e+02 1.491005124066037979e+02
1.687001202742080181e+02 1.463077676394462685e+02
1.184307144653725885e+02 1.107002718581878469e+02
1.812674717264168862e+02 1.107002718581878469e+02
9.748512871169116067e+01 9.673654802240022832e+01
1.156379696982150591e+02 8.905649991271701538e+01
1.344889968765283470e+02 9.324561706345332368e+01
1.638128169316823346e+02 9.394380325524269892e+01
1.861547750689425698e+02 8.766012752913826489e+01
2.036094298636770645e+02 9.883110659776835405e+01
1.247143901914770225e+02 1.672533533931276963e+02
1.449617897533690893e+02 1.644606086259701669e+02
1.575291412055779006e+02 1.665551672013383211e+02
1.791729131510487605e+02 1.665551672013383211e+02
1.400744864108434058e+02 1.812170772289153149e+02
1.519436516712628986e+02 1.854061943796515948e+02
1.652091893152611419e+02 1.812170772289153149e+02
8.491777725948229261e+01 1.155875752007135020e+02
9.329601156095488079e+01 8.696194133734888965e+01
1.184307144653725885e+02 7.230003130977189585e+01
1.261107625750557730e+02 5.135444555609046802e+01
1.470563483287372151e+02 4.507076982998603398e+01
1.728892374249443264e+02 4.786351459714353496e+01
1.980239403293620057e+02 5.763812128219490205e+01
2.077985470144133728e+02 7.648914846050814731e+01
2.105912917815708738e+02 1.037184099402940376e+02
2.105912917815708738e+02 1.295512990365011206e+02
2.029112436718876893e+02 1.609696776670232623e+02
1.917402646032575717e+02 1.854061943796515948e+02
1.756819821921018274e+02 2.049554077497542721e+02
1.533400240548416491e+02 2.161263868183843329e+02
1.254125763832663978e+02 2.091445249004905236e+02
9.399419775274425604e+01 1.728388429274427267e+02
7.793591534158848333e+01 9.673654802240022832e+01
7.723772914979910809e+01 7.439458988514002158e+01
8.352140487590354212e+01 5.484537651503734423e+01
9.608875632811241019e+01 4.227802506282853301e+01
1.072597353967424993e+02 2.901248741883028970e+01
1.212234592325301179e+02 1.644513596662142163e+01
1.407726726026327810e+02 1.295420500767448857e+01
1.645110031234717667e+02 1.295420500767448857e+01
1.791729131510487605e+02 1.714332215841079687e+01
1.952311955622045048e+02 2.203062550093648042e+01
2.057039884390451903e+02 2.761611503525148237e+01
2.147804089323071821e+02 3.948528029567097519e+01
2.210640846584116161e+02 4.646714221356478447e+01
2.238568294255691171e+02 5.624174889861615156e+01
2.238568294255691171e+02 7.090365892619314536e+01
2.203658984666222409e+02 7.928189322766570513e+01
2.175731536994646831e+02 9.115105848808516953e+01
2.175731536994646831e+02 9.883110659776835405e+01
1.135434244756595490e+00 1.783225939044427832e+00
2.971663795634540861e+02 1.783225939044427832e+00
2.971663795634540861e+02 2.957196126823737927e+02
2.531806628335360188e+00 2.978141712577419185e+02
