2.904215367965368273e+02 3.026601731601731444e+02
2.884058441558442496e+02 3.691780303030303116e+02
2.884058441558442496e+02 4.336801948051947875e+02
2.400292207792207932e+02 4.296488095238095184e+02
3.327510822510823232e+02 4.336801948051947875e+02
2.017310606060606801e+02 2.925817099567099149e+02
3.831433982683983572e+02 3.006444805194805667e+02
1.412602813852814165e+02 2.603306277056276485e+02
2.279350649350649860e+02 2.502521645021645327e+02
3.529080086580087823e+02 2.583149350649350708e+02
4.315200216450218136e+02 2.865346320346320681e+02
2.037467532467532578e+02 5.143079004329003965e+02
2.622018398268399437e+02 5.223706709956709346e+02
2.803430735930737114e+02 5.324491341991342779e+02
2.984843073593074791e+02 5.223706709956709346e+02
3.670178571428572809e+02 5.264020562770563174e+02
2.501076839826840228e+02 5.465589826839826628e+02
2.823587662337662891e+02 5.566374458874458924e+02
3.085627705627705950e+02 5.505903679653679319e+02
1.110248917748917847e+02 2.562992424242423795e+02
1.352132034632035129e+02 1.635773809523809632e+02
1.876212121212121815e+02 1.091536796536796601e+02
2.601861471861472523e+02 8.496536796536793190e+01
3.327510822510823232e+02 8.899675324675320098e+01
4.073317099567100854e+02 1.192321428571428896e+02
4.577240259740261195e+02 1.575303030303030027e+02
4.597397186147186972e+02 2.381580086580086117e+02
4.798966450216451562e+02 3.228170995670996035e+02
4.718338744588746181e+02 4.094918831168831161e+02
4.456298701298701985e+02 4.941509740259740511e+02
4.153944805194806236e+02 5.788100649350649292e+02
3.488766233766235132e+02 6.433122294372294618e+02
2.642175324675325214e+02 6.695162337662337677e+02
1.896369047619047592e+02 6.231553030303030027e+02
1.352132034632035129e+02 5.526060606060606233e+02
1.029621212121212466e+02 4.901195887445887251e+02
1.049778138528138811e+02 4.135232683982683852e+02
1.049778138528138811e+02 3.490211038961039094e+02
1.049778138528138811e+02 2.966130952380951840e+02
7.272673160173161477e+01 3.449897186147186403e+02
8.482088744588747886e+01 4.477900432900432861e+02
5.181948051948054399e+02 3.570838744588744476e+02
4.940064935064936549e+02 4.659312770562770538e+02
5.458549783549784706e+01 3.006444805194805667e+02
5.458549783549784706e+01 1.897813852813852691e+02
8.683658008658011340e+01 9.907521645021643053e+01
1.311818181818182438e+02 2.046320346320339922e+01
2.017310606060606801e+02 4.337662337662322898e+00
2.763116883116884424e+02 2.321969696969631514e+00
3.508923160173160909e+02 1.038474025974028336e+01
4.133787878787879322e+02 6.353354978355014282e+00
4.678024891774893490e+02 2.449458874458878199e+01
5.101320346320347312e+02 6.883982683982685558e+01
5.423831168831170544e+02 1.232635281385281587e+02
5.504458874458875925e+02 1.958284632034632295e+02
2.177489177489178473e+00 2.321969696969631514e+00
6.008382034632036266e+02 4.337662337662322898e+00
5.988225108225110489e+02 7.400654761904761472e+02
1.617965367965439327e-01 7.440968614718615299e+02
